T	=	[...	
2	1.08	431.25	430.17;...
2	734.92	1256.1	521.18];