T	=	[...	
2	146.72	577.675	430.96;...
2	805.8175	1325.865	520.05];