T	=	[...	
2	2.3175	432.47	430.15;...
2	597.2625	1120.1275	522.87];