T	=	[...	
2	1.08	116.08	115.00;...
2	127.47	281.19	153.72;...
2	281.24	431.25	150.01;...
2	734.92	861.92	127.00;...
2	871.41	1106.04	234.63;...
2	1106.09	1256.1	150.01;...
2	1500.69	1659.27	158.58];