T	=	[...	
2	2.3175	117.3175	115.00;...
2	128.64	282.41	153.77;...
2	282.46	432.47	150.01;...
2	597.2625	724.2625	127.00;...
2	735.4475	970.0775	234.63;...
2	970.1275	1120.1275	150;...
2	1303.8025	1461.8325	158.03];