T	=	[...	
2	146.72	261.72	115.00;...
2	273.8525	427.615	153.7625;...
2	427.665	577.675	150.01;...
2	805.8175	932.8175	127.00;...
2	941.1075	1175.805	234.6975;...
2	1175.855	1325.865	150.01;...
2	1525.7575	1684.1025	158.345];