T = [...			
1	91.6	145.17	     53.5700;...
2	145.22	260.48	    115.2600;...
3	260.53	325.14	     64.6100;...
4	325.19	346.45	     21.2600;...
5	346.51	508.01	    161.5000;...
6	508.06	739.35	    231.2900;...
7	739.4	911.4	    172.0000;...
8	911.45	1034.68	    123.2300;...
9	1034.73	1091.14	     56.4100;...
10	1091.19	1241.24	    150.0500;...
11	1241.29	1360.22	    118.9300;...
12	1360.27	1464.45	    104.1800;...
13	1464.5	1516.03	     51.5300;...
14	1516.08	1650.3	    134.2200;...
15	1650.35	1841.78	    191.4300;...
16	1841.83	1968.05	    126.2200;...
17	1968.1	2020.53	     52.4300;...
18	2020.58	2117.94	     97.3600;...
19	2117.99	2120.21	      2.2200;...
20	2120.26	2206.88	     86.6200;...
21	2206.93	2214.22	      7.2900;...
22	2214.27	2421.81	    207.5400;...
23	2421.86	2488.89	     67.0300;...
24	2488.94	2521.86	     32.9200;...
25	2521.91	2548.28	     26.3700;...
26	2548.33	2585.11	     36.7800;...
27	2585.16	2636.08	     50.9200;...
28	2636.13	2673.5	     37.3700;...
29	2673.55	2703.04	     29.4900;...
30	2703.09	2745.62	     42.5300;...
31	2745.67	2793.58	     47.9100;...
32	2793.63	2827.16	     33.5300;...
33	2827.21	2849.49	     22.2800;...
34	2849.54	2871.11	     21.5700;...
35	2871.16	2902.81	     31.6500;...
36	2902.86	2945.97	     43.1100;...
37	2946.02	2970.31	     24.2900;...
38	2970.36	3005.12	     34.7600;...
39	3005.17	3026.28	     21.1100;...
40	3026.33	3059.44	     33.1100;...
41	3059.49	3075.92	     16.4300;...
42	3075.97	3093.5	     17.5300];
