T = [...			
1	48.63	104.02	     55.3900;...
2	104.07	219.49	    115.4200;...
3	219.54	303.6	     84.0600;...
4	303.65	315.47	     11.8200;...
5	315.52	514.00	    198.4800;...
6	514.05	664.1	    150.0500;...
7	664.15	883.92	    219.7700;...
8	883.97	1007.23	    123.2600;...
9	1007.28	1076.94	     69.6600;...
10	1076.99	1308.24	    231.2500;...
11	1308.29	1479.53	    171.2400;...
12	1479.58	1583.78	    104.2000;...
13	1583.83	1651.88	     68.0500;...
14	1651.93	1786.18	    134.2500;...
15	1786.23	2001.92	    215.6900;...
16	2001.97	2128.19	    126.2200;...
17	2128.24	2184.29	     56.0500;...
18	2184.34	2284.57	    100.2300;...
19	2284.62	2293.21	      8.5900;...
20	2293.26	2378.82	     85.5600;...
21	2378.87	2395.09	     16.2200;...
22	2395.14	2666.28	    271.1400;...
23	2666.33	2744.19	     77.8600;...
24	2744.24	2788.27	     44.0300;...
25	2788.32	2832.5	     44.1800;...
26	2832.55	2876.29	     43.7400;...
27	2876.34	2907.01	     30.6700;...
28	2907.06	2939.77	     32.7100;...
29	2939.82	2963.53	     23.7100;...
30	2963.58	2998.97	     35.3900;...
31	2999.02	3035.00     35.98;...
32	3035.05	3072.88     37.83;...
33	3072.93	3106.95	     34.0200;...
34	3107	3128.91	     21.9100;...
35	3128.97	3157.91	     28.9400;...
36	3157.96	3222.45	     64.4900;...
37	3222.5	3260.69	     38.1900;...
38	3260.74	3303.42	     42.6800;...
39	3303.47	3361.89	     58.4200];
