T	=	[...	
2	1.08	116.08	115.00;...
2	127.47	281.19	153.72;...
2	281.24	431.25	150.01;...
2	431.3	734.87	303.57;...
2	734.92	861.92	127.00;...
2	871.41	1106.04	234.63;...
2	1106.09	1256.1	150.01;...
2	1256.15	1500.64	244.49;...
2	1500.69	1659.27	158.58;...
2	1659.32	1765.5	106.18;...
2	2009.91	2136.5	126.59;...
2	2136.55	2206.47	69.92;...
2	2263.75	2455.54	191.79;...
2	2455.59	2640.61	185.02;...
2	2640.66	3050.56	409.9;...
2	3050.61	3133.28	82.67;...
2	3133.33	3195.22	61.89];
