T	=	[...	
2	2.3175	117.3175	115.00;...
2	128.64	282.41	153.77;...
2	282.46	432.47	150.01;...
2	432.52	597.2125	164.6925;...
2	597.2625	724.2625	127.00;...
2	735.4475	970.0775	234.63;...
2	970.1275	1120.1275	150;...
2	1120.1775	1303.7525	183.575;...
2	1303.8025	1461.8325	158.03;...
2	1461.8825	1522.1075	60.225;...
2	2027.1225	2153.76	126.6375;...
2	2153.81	2193.76	39.95;...
2	2259.28	2426.455	167.175;...
2	2426.505	2611.5225	185.0175;...
2	2611.5725	2769.3725	157.8;...
2	2769.4225	2852	82.5775;...
2	2852.05	2900.095	48.045];