T	=	[...	
2	146.72	261.72	115.00;...
2	273.8525	427.615	153.7625;...
2	427.665	577.675	150.01;...
2	577.725	805.7675	228.0425;...
2	805.8175	932.8175	127.00;...
2	941.1075	1175.805	234.6975;...
2	1175.855	1325.865	150.01;...
2	1325.915	1525.7075	199.7925;...
2	1525.7575	1684.1025	158.345;...
2	1684.15	1752.695	68.545;...
2	1860.9925	1987.5725	126.58;...
2	1987.6225	2044.3925	56.77;...
2	2108.4225	2267.975	159.5525;...
2	2268.025	2453.0525	185.0275;...
2	2453.1025	2804.0625	350.96;...
2	2804.1125	2886.7	82.5875;...
2	2886.75	2950.7675	64.0175];